#Comment starts with a "#" in the first column.
#Each line must not be longer than 1024 characters.


#=== maxShooterQuadEdgeLength ===
70.0

#=== maxGathererQuadEdgeLength ===
30.0


#=== VERTICES ===

#Number of vertices.
380

#Each line must provide the x, y, z coordinates of a vertex.
#The first vertex has index 0.

#floor (0-3)
1000.0 0.0 0.0
0.0 0.0 0.0
0.0 0.0 700.0
1000.0 0.0 700.0

#ceiling (4-7)
1000.0 500.0 0.0
0.0 500.0 0.0
0.0 500.0 700.0
1000.0 500.0 700.0

#ceiling_light_top (8-11)
400.0 500.0 300.0
300.0 500.0 300.0
300.0 500.0 400.0
400.0 500.0 400.0

#window_left (12-15)
1000.0 250.0 10.0
1000.0 250.0 120.0
1000.0 480.0 120.0
1000.0 480.0 10.0

#window_center_left (16-19)
1000.0 250.0 160.0
1000.0 250.0 270.0
1000.0 480.0 270.0
1000.0 480.0 160.0

#window_center_right (20-23)
1000.0 250.0 290.0
1000.0 250.0 400.0
1000.0 480.0 400.0
1000.0 480.0 290.0

#window_right (24-27)
1000.0 250.0 440.0
1000.0 250.0 550.0
1000.0 480.0 550.0
1000.0 480.0 440.0

#table_top (28-31)
450.0 200.0 150.0
950.0 200.0 150.0
950.0 200.0 0.0
450.0 200.0 0.0

#table_bottom (32-35)
460.0 190.0 150.0
940.0 190.0 150.0
940.0 190.0 0.0
460.0 190.0 0.0

#table_left_leg_bottom (36-39)
450.0 0.0 150.0
460.0 0.0 150.0
460.0 0.0 0.0
450.0 0.0 0.0

#table_right_leg_bottom (40-43)
940.0 0.0 150.0
950.0 0.0 150.0
950.0 0.0 0.0
940.0 0.0 0.0

#wardrobe_top (44-47)
100.0 500.0 420.0
100.0 500.0 0.0
0.0 500.0 0.0
0.0 500.0 420.0

#wardrobe_bottom(48-51)
100.0 0.0 420.0
100.0 0.0 0.0
0.0 0.0 0.0
0.0 0.0 420.0

#wardrobe_door_left (52-55)
100.0 10.0 402.0
100.0 10.0 312.0
100.0 490.0 312.0
100.0 490.0 402.0

#wardrobe_door_center_left (56-59)
100.0 10.0 304.0
100.0 10.0 214.0
100.0 490.0 214.0
100.0 490.0 304.0

#wardrobe_door_center_right (60-63)
100.0 10.0 206.0
100.0 10.0 116.0
100.0 490.0 116.0
100.0 490.0 206.0

#wardrobe_door_right (64-67)
100.0 10.0 108.0
100.0 10.0 18.0
100.0 490.0 18.0
100.0 490.0 108.0

#room_door (68-71)
0.0 0.0 660.0
0.0 0.0 460.0
0.0 400.0 460.0
0.0 400.0 660.0

#cupboard_top (72-75)
480.0 500.0 100.0
950.0 500.0 100.0
950.0 500.0 0.0
480.0 500.0 0.0

#cupboard_bottom (76-79)
480.0 350.0 100.0
950.0 350.0 100.0
950.0 350.0 0.0
480.0 350.0 0.0

#window_frame (80-83)
1000.0 240.0 0.0
1000.0 240.0 560.0
1000.0 490.0 560.0
1000.0 490.0 0.0

#cupboard_door_left (84-87)
640.0 355.0 100.0
738.0 355.0 100.0
738.0 495.0 100.0
640.0 495.0 100.0

#cupboard_door_center (88-91)
741.0 355.0 100.0
839.0 355.0 100.0
839.0 495.0 100.0
741.0 495.0 100.0

#cupboard_door_right (92-95)
842.0 355.0 100.0
940.0 355.0 100.0
940.0 495.0 100.0
842.0 495.0 100.0

#cupboard_light (96-99)
500.0 350.0 55.0
950.0 350.0 55.0
950.0 350.0 45.0
500.0 350.0 45.0

#cupboard_grid_design
#cupboard_top_grid_top (100-103)
500.0 495.0 100.0
630.0 495.0 100.0
630.0 495.0 10.0
500.0 495.0 10.0

#cupboard_top_grid_bottom (104-107)
500.0 455.0 100.0
630.0 455.0 100.0
630.0 455.0 10.0
500.0 455.0 10.0

#cupboard_center_grid_left_top (108-111)
500.0 445.0 100.0
580.0 445.0 100.0
580.0 445.0 10.0
500.0 445.0 10.0

#cupboard_center_grid_left_bottom (112-115)
500.0 405.0 100.0
580.0 405.0 100.0
580.0 405.0 10.0
500.0 405.0 10.0

#cupboard_center_grid_right_top (116-119)
590.0 445.0 100.0
630.0 445.0 100.0
630.0 445.0 10.0
590.0 445.0 10.0

#cupboard_center_grid_right_bottom (120-123)
590.0 405.0 100.0
630.0 405.0 100.0
630.0 405.0 10.0
590.0 405.0 10.0

#cupboard_bottom_grid_left_top (124-127)
500.0 395.0 100.0
540.0 395.0 100.0
540.0 395.0 10.0
500.0 395.0 10.0

#cupboard_bottom_grid_left_bottom (128-131)
500.0 355.0 100.0
540.0 355.0 100.0
540.0 355.0 10.0
500.0 355.0 10.0

#cupboard_bottom_grid_right_top (132-135)
550.0 395.0 100.0
630.0 395.0 100.0
630.0 395.0 10.0
550.0 395.0 10.0

#cupboard_bottom_grid_right_bottom (136-139)
550.0 355.0 100.0
630.0 355.0 100.0
630.0 355.0 10.0
550.0 355.0 10.0

#wardrobe_left_door_handle_top (140-143)
110.0 250.0 330.0
110.0 250.0 320.0
100.0 250.0 320.0
100.0 250.0 330.0

#wardrobe_left_door_handle_bottom (144-147)
110.0 240.0 330.0
110.0 240.0 320.0
100.0 240.0 320.0
100.0 240.0 330.0

#wardrobe_center_left_door_handle_top (148-151)
110.0 250.0 296.0
110.0 250.0 286.0
100.0 250.0 286.0
100.0 250.0 296.0

#wardrobe_center_left_door_handle_bottom (152-155)
110.0 240.0 296.0
110.0 240.0 286.0
100.0 240.0 286.0
100.0 240.0 296.0

#wardrobe_center_right_door_handle_top (156-159)
110.0 250.0 134.0
110.0 250.0 124.0
100.0 250.0 124.0
100.0 250.0 134.0

#wardrobe_center_right_door_handle_bottom (160-163)
110.0 240.0 134.0
110.0 240.0 124.0
100.0 240.0 124.0
100.0 240.0 134.0

#wardrobe_right_door_handle_top (164-167)
110.0 250.0 100.0
110.0 250.0 90.0
100.0 250.0 90.0
100.0 250.0 100.0

#wardrobe_right_door_handle_bottom (168-171)
110.0 240.0 100.0
110.0 240.0 90.0
100.0 240.0 90.0
100.0 240.0 100.0

#room_door_stump_top (172-175)
5.0 210.0 490.0
5.0 210.0 470.0
0.0 210.0 470.0
0.0 210.0 490.0

#room_door_stump_bottom (176-179)
5.0 190.0 490.0
5.0 190.0 470.0
0.0 190.0 470.0
0.0 190.0 490.0

#room_door_handle_top (180-185)
5.0 205.0 485.0
15.0 205.0 485.0
15.0 205.0 510.0
25.0 205.0 510.0
25.0 205.0 475.0
5.0 205.0 475.0

#room_door_handle_bottom (186-191)
5.0 195.0 485.0
15.0 195.0 485.0
15.0 195.0 510.0
25.0 195.0 510.0
25.0 195.0 475.0
5.0 195.0 475.0

#ceiling_light_bottom (192-195)
400.0 490.0 300.0
300.0 490.0 300.0
300.0 490.0 400.0
400.0 490.0 400.0

#window_left_handle (196-207)
1000.0 345.0 125.0
1000.0 345.0 135.0
990.0 345.0 135.0
990.0 345.0 125.0

1000.0 340.0 125.0
1000.0 340.0 135.0
995.0 340.0 135.0
995.0 340.0 125.0

992.5 320.0 125.0
992.5 320.0 135.0
990.0 320.0 135.0
990.0 320.0 125.0

#window_center_left_handle (208-219)
1000.0 345.0 145.0
1000.0 345.0 155.0
990.0 345.0 155.0
990.0 345.0 145.0

1000.0 340.0 145.0
1000.0 340.0 155.0
995.0 340.0 155.0
995.0 340.0 145.0

992.5 320.0 145.0
992.5 320.0 155.0
990.0 320.0 155.0
990.0 320.0 145.0

#window_center_right_handle (220-231)
1000.0 345.0 405.0
1000.0 345.0 415.0
990.0 345.0 415.0
990.0 345.0 405.0

1000.0 340.0 405.0
1000.0 340.0 415.0
995.0 340.0 415.0
995.0 340.0 405.0

992.5 320.0 405.0
992.5 320.0 415.0
990.0 320.0 415.0
990.0 320.0 405.0

#window_right_handle (232-243)
1000.0 345.0 425.0
1000.0 345.0 435.0
990.0 345.0 435.0
990.0 345.0 425.0

1000.0 340.0 425.0
1000.0 340.0 435.0
995.0 340.0 435.0
995.0 340.0 425.0

992.5 320.0 425.0
992.5 320.0 435.0
990.0 320.0 435.0
990.0 320.0 425.0

#drawer_left_top (244-247)
463.0 187.0 150.0
619.0 187.0 150.0
619.0 187.0 3.0
463.0 187.0 3.0

#drawer_left_bottom (248-251)
463.0 170.0 150.0
619.0 170.0 150.0
619.0 170.0 3.0
463.0 170.0 3.0

#drawer_center_top (252-255)
622.0 187.0 150.0
778.0 187.0 150.0
778.0 187.0 3.0
622.0 187.0 3.0

#drawer_center_bottom (256-259)
622.0 170.0 150.0
778.0 170.0 150.0
778.0 170.0 3.0
622.0 170.0 3.0

#drawer_right_top (260-263)
781.0 187.0 150.0
937.0 187.0 150.0
937.0 187.0 3.0
781.0 187.0 3.0

#drawer_right_bottom (264-267)
781.0 170.0 150.0
937.0 170.0 150.0
937.0 170.0 3.0
781.0 170.0 3.0

#cupboard_door_left_handle_top (268-271)
728.0 427.5 105.0
733.0 427.5 105.0
733.0 427.5 100.0
728.0 427.5 100.0

#cupboard_door_left_handle_bottom (272-275)
728.0 422.5 105.0
733.0 422.5 105.0
733.0 422.5 100.0
728.0 422.5 100.0

#cupboard_door_center_handle_top (276-279)
746.0 427.5 105.0
751.0 427.5 105.0
751.0 427.5 100.0
746.0 427.5 100.0

#cupboard_door_center_handle_bottom (280-283)
746.0 422.5 105.0
751.0 422.5 105.0
751.0 422.5 100.0
746.0 422.5 100.0

#cupboard_door_right_handle_top (284-287)
930.0 427.5 105.0
935.0 427.5 105.0
935.0 427.5 100.0
930.0 427.5 100.0

#cupboard_door_right_handle_bottom (288-291)
930.0 422.5 105.0
935.0 422.5 105.0
935.0 422.5 100.0
930.0 422.5 100.0

#bed_frame
#bed_base_top (292-295)
400.0 100.0 695.0
950.0 100.0 695.0
950.0 100.0 395.0
400.0 100.0 395.0

#bed_base_bottom (296-299)
400.0 50.0 695.0
950.0 50.0 695.0
950.0 50.0 395.0
400.0 50.0 395.0

#bed_leg_left_front_top (300-303)
405.0 50.0 690.0
420.0 50.0 690.0
420.0 50.0 675.0
405.0 50.0 675.0

#bed_leg_left_front_bottom (304-307)
405.0 0.0 690.0
420.0 0.0 690.0
420.0 0.0 675.0
405.0 0.0 675.0

#bed_leg_left_back_top (308-311)
405.0 50.0 415.0
420.0 50.0 415.0
420.0 50.0 400.0
405.0 50.0 400.0

#bed_leg_left_back_bottom (312-315)
405.0 0.0 415.0
420.0 0.0 415.0
420.0 0.0 400.0
405.0 0.0 400.0

#bed_leg_right_front_top (316-319)
930.0 50.0 690.0
945.0 50.0 690.0
945.0 50.0 675.0
930.0 50.0 675.0

#bed_leg_right_front_bottom (320-323)
930.0 0.0 690.0
945.0 0.0 690.0
945.0 0.0 675.0
930.0 0.0 675.0

#bed_leg_right_back_top (324-327)
930.0 50.0 415.0
945.0 50.0 415.0
945.0 50.0 400.0
930.0 50.0 400.0

#bed_leg_right_back_bottom (328-331)
930.0 0.0 415.0
945.0 0.0 415.0
945.0 0.0 400.0
930.0 0.0 400.0

#bed_post_front_top (332-335)
930.0 230.0 690.0
945.0 230.0 690.0
945.0 230.0 670.0
930.0 230.0 670.0

#bed_post_front_bottom (336-339)
930.0 100.0 690.0
945.0 100.0 690.0
945.0 100.0 670.0
930.0 100.0 670.0

#bed_post_back_top (340-343)
930.0 230.0 420.0
945.0 230.0 420.0
945.0 230.0 400.0
930.0 230.0 400.0

#bed_post_back_bottom (344-347)
930.0 100.0 420.0
945.0 100.0 420.0
945.0 100.0 400.0
930.0 100.0 400.0

#bed_rung_bottom_top (348-351)
934.0 140.0 670.0
941.0 140.0 670.0
941.0 140.0 420.0
934.0 140.0 420.0

#bed_rung_bottom_bottom (352-355)
934.0 115.0 670.0
941.0 115.0 670.0
941.0 115.0 420.0
934.0 115.0 420.0

#bed_rung_center_top (356-359)
934.0 180.0 670.0
941.0 180.0 670.0
941.0 180.0 420.0
934.0 180.0 420.0

#bed_rung_center_bottom (360-363)
934.0 155.0 670.0
941.0 155.0 670.0
941.0 155.0 420.0
934.0 155.0 420.0

#bed_rung_top_top (364-367)
934.0 220.0 670.0
941.0 220.0 670.0
941.0 220.0 420.0
934.0 220.0 420.0

#bed_rung_top_bottom (368-371)
934.0 195.0 670.0
941.0 195.0 670.0
941.0 195.0 420.0
934.0 195.0 420.0

#mattress_top (372-375)
405.0 125.0 690.0
925.0 125.0 690.0
925.0 125.0 400.0
405.0 125.0 400.0

#mattress_bottom (376-379)
405.0 100.0 690.0
925.0 100.0 690.0
925.0 100.0 400.0
405.0 100.0 400.0

#=== MATERIALS ===

#Number of materials.
8

#Each material is specified by two lines.
#First line is the RGB reflectivity.
#Second line is the RGB emission.
#The first material has index 0.


#light
0.78 0.78 0.78
60.0 60.0 60.0

#outside_light
0.68 0.68 0.68
20.0 20.0 20.0

#white
0.85 0.85 0.85
0.0 0.0 0.0

#dark_gray
0.2 0.2 0.2
0.0 0.0 0.0

#brown
0.49 0.4 0.4
0.0 0.0 0.0

#gray
0.3 0.3 0.3
0.0 0.0 0.0

#dark_brown
0.52 0.37 0.26
0.0 0.0 0.0

#black
0.1 0.1 0.1
0.0 0.0 0.0

#=== SURFACES ===

#Number of surfaces.
197

#Each surface is made of one or more quadrilateral patches.
#For each surface, the first integer is the material index,
#the second integer is the number of quadrilateral patches,
#then followed by lines where each corresponds to a
#quadrilateral patch. Each line has 4 integers, which are
#indices to the above vertices. The vertices must be listed
#in counter-clockwise direction when viewed from its frontside.


#floor (dark_brown)
6
1
0 1 2 3

#ceiling (white)
2
1
7 6 5 4

#light (light)
0
1
195 194 193 192

0
1
194 195 11 10

0
1
193 194 10 9

0
1
8 11 195 192

0
1
192 193 9 8

#back_wall (white)
5
1
0 4 5 1

#left_wall (white)
5
3
2 68 71 6
71 70 5 6
70 69 1 5

#right_wall (white)
2
3
83 82 7 4
82 81 3 7
0 3 81 80

#window_frame (black)
7
7
15 26 82 83
80 12 15 83
80 81 25 12
25 81 82 26
13 16 19 14
17 20 23 18
21 24 27 22

#windows (outside_light)
1
4
12 13 14 15
16 17 18 19
20 21 22 23
24 25 26 27

#table_top (brown)
4
1
28 29 30 31

#table_bottom (brown)
4
1
35 34 33 32

#table_front (brown)
4
3
32 33 29 28
32 28 36 37
40 41 29 33

#table_leg_left_left_surface (brown)
4
1
28 31 39 36

#table_leg_left_right_surface (brown)
4
1
32 37 38 35

#table_leg_right_left_surface (brown)
4
1
43 40 33 34

#table_leg_right_right_surface (brown)
4
1
41 42 30 29

#wardrobe_left (brown)
4
1
51 48 44 47

#wardrobe_front (brown)
4
7
48 52 55 44
52 48 49 65
65 49 45 66
66 45 44 55
53 56 59 54
57 60 63 58
61 64 67 62

#wardrobe_doors (black)
3
4
52 53 54 55
56 57 58 59
60 61 62 63
64 65 66 67

#wardrobe_right (brown)
4
1
49 50 46 45

#room_door (brown)
3
1
68 69 70 71

#cupboard_left (brown)
4
1
79 76 72 75

#cupboard_front (brown)
4
11
76 128 100 72
100 94 73 72
94 93 77 73
128 76 77 93
85 88 91 86
89 92 95 90
108 117 105 104
113 120 116 109
124 133 121 112
129 136 132 125
137 84 87 101

#cupboard_right (brown)
4
1
77 78 74 73

#cupboard_bottom (brown)
4
2
96 97 77 76
79 78 98 99

#cupboard_light (light)
0
1
99 98 97 96

#cupboard_doors (black)
3
3
84 85 86 87
88 89 90 91
92 93 94 95

#cupboard_top_grid (brown)
4
1
107 106 102 103

4
1
103 102 101 100

4
1
104 105 106 107

4
1
104 107 103 100

4
1
106 105 101 102

#cupboard_center_grid_left (brown)
4
1
115 114 110 111

4
1
111 110 109 108

4
1
112 113 114 115

4
1
112 115 111 108

4
1
114 113 109 110

#cupboard_center_grid_right (brown)
4
1
123 122 118 119

4
1
119 118 117 116

4
1
120 121 122 123

4
1
120 123 119 116

4
1
122 121 117 118

#cupboard_bottom_grid_left (brown)
4
1
131 130 126 127

4
1
127 126 125 124

4
1
128 129 130 131

4
1
128 131 127 124

4
1
130 129 125 126

#cupboard_bottom_grid_right (brown)
4
1
139 138 134 135

4
1
135 134 133 132

4
1
136 137 138 139

4
1
136 139 135 132

4
1
138 137 133 134

#wardrobe_left_door_handle (brown)
4
1
144 145 141 140

4
1
140 141 142 143

4
1
147 144 140 143

4
1
145 146 142 141

4
1
147 146 145 144

#wardrobe_center_left_door_handle (brown)
4
1
152 153 149 148

4
1
148 149 150 151

4
1
155 152 148 151

4
1
153 154 150 149

4
1
155 154 153 152

#wardrobe_center_right_door_handle (brown)
4
1
160 161 157 156

4
1
156 157 158 159

4
1
163 160 156 159

4
1
161 162 158 157

4
1
163 162 161 160

#wardrobe_right_door_handle (brown)
4
1
168 169 165 164

4
1
164 165 166 167

4
1
171 168 164 167

4
1
169 170 166 165

4
1
171 170 169 168

#room_door_stump (white)
2
1
176 177 173 172

2
1
172 173 174 175

2
1
179 176 172 175

2
1
177 178 174 173

2
1
179 178 177 176

#room_door_handlebar (white)
2
2
180 181 184 185
181 182 183 184

2
2
186 187 190 191
187 188 189 190

2
1
186 187 181 180

2
1
187 188 182 181

2
1
188 189 183 182

2
1
189 190 184 183

2
1
190 191 185 184

#window_left_handlebar (white)
2
1
199 198 197 196

2
1
207 206 198 199

2
1
204 205 206 207

2
1
205 204 203 202

2
1
200 201 202 203

2
2
198 202 201 197
198 206 205 202

2
2
200 203 199 196
203 204 207 199

#window_center_left_handlebar (white)
2
1
211 210 209 208

2
1
219 218 210 211

2
1
216 217 218 219

2
1
217 216 215 214

2
1
212 213 214 215

2
2
210 214 213 209
210 218 217 214

2
2
212 215 211 208
215 216 219 211

#window_center_right_handlebar (white)
2
1
223 222 221 220

2
1
231 230 222 223

2
1
228 229 230 231

2
1
229 228 227 226

2
1
224 225 226 227

2
2
222 226 225 221
222 230 229 226

2
2
224 227 223 220
227 228 231 223

#window_right_handlebar (white)
2
1
235 234 233 232

2
1
243 242 234 235

2
1
240 241 242 243

2
1
241 240 239 238

2
1
236 237 238 239

2
2
234 238 237 233
234 242 241 238

2
2
236 239 235 232
239 240 243 235

#drawer_left (brown)
4
1
244 245 246 247

4
1
251 248 244 247

4
1
248 249 245 244

4
1
249 250 246 245

4
1
250 251 247 246

4
1
251 250 249 248

#drawer_center (brown)
4
1
252 253 254 255

4
1
259 256 252 255

4
1
256 257 253 252

4
1
257 258 254 253

4
1
258 259 255 254

4
1
259 258 257 256

#drawer_right (brown)
4
1
260 261 262 263

4
1
267 264 260 263

4
1
264 265 261 260

4
1
265 266 262 261

4
1
266 267 263 262

4
1
267 266 265 264

#cupboard_door_left_handle (brown)
4
1
272 273 269 268

4
1
268 269 270 271

4
1
275 272 268 271

4
1
275 274 273 272

4
1
270 269 273 274

#cupboard_door_center_handle (brown)
4
1
280 281 277 276

4
1
276 277 278 279

4
1
283 280 276 279

4
1
283 282 281 280

4
1
278 277 281 282

#cupboard_door_right_handle (brown)
4
1
288 289 285 284

4
1
284 285 286 287

4
1
291 288 284 287

4
1
291 290 289 288

4
1
286 285 289 290

#bed_base (dark_gray)
3
1
292 293 294 295

3
1
299 298 297 296

3
1
299 296 292 295

3
1
296 297 293 292

3
1
294 293 297 298

3
1
295 294 298 299

#bed_leg_left_front (dark_gray)
3
1
304 305 301 300

3
1
307 304 300 303

3
1
303 302 306 307

3
1
302 301 305 306

#bed_leg_left_back (dark_gray)
3
1
312 313 309 308

3
1
315 312 308 311

3
1
311 310 314 315

3
1
310 309 313 314

#bed_leg_right_front (dark_gray)
3
1
320 321 317 316

3
1
323 320 316 319

3
1
319 318 322 323

3
1
318 317 321 322

#bed_leg_right_back (dark_gray)
3
1
328 329 325 324

3
1
331 328 324 327

3
1
327 326 330 331

3
1
326 325 329 330

#bed_post_front (dark_gray)
3
1
332 333 334 335

3
1
336 337 333 332

3
1
339 336 332 335

3
1
335 334 338 339

3
1
334 333 337 338

#bed_post_front (dark_gray)
3
1
340 341 342 343

3
1
344 345 341 340

3
1
347 344 340 343

3
1
343 342 346 347

3
1
342 341 345 346

#bed_rung_bottom (dark_gray)
3
1
348 349 350 351

3
1
355 352 348 351

3
1
355 354 353 352

3
1
350 349 353 354

#bed_rung_center (dark_gray)
3
1
356 357 358 359

3
1
363 360 356 359

3
1
363 362 361 360

3
1
358 357 361 362

#bed_rung_top (dark_gray)
3
1
364 365 366 367

3
1
371 368 364 367

3
1
371 370 369 368

3
1
366 365 369 370

#mattress (white)
2
1
372 373 374 375

2
1
376 377 373 372

2
1
379 376 372 375

2
1
375 374 378 379

2
1
374 373 377 378

#End of file.